   0.0000000e+00   4.6385806e+01   2.4759684e+01   3.8694423e+01   2.7532973e+01   4.5301199e+01   5.7751212e+01   6.5106957e+01   5.0575564e+01   3.6688684e+01   4.3735926e+01   5.4577725e+01   7.8520739e+01   3.5800425e+01   8.4369980e+01   2.7146826e+01   5.2280787e+01   6.9744628e+01   8.3300028e+01   7.2176918e+01   5.4303610e+01   9.3044688e+01   8.0634893e+01   8.4014782e+01   5.4579493e+01   6.3475916e+01   7.4634920e+01   6.7694082e+01   5.7306925e+01   8.7164629e+01   4.7993485e+01   8.6826846e+01   8.9450800e+01   9.0759728e+01   9.6393581e+01   1.0435565e+02   1.0454727e+02   8.3676824e+01   8.8688989e+01   9.6539756e+01   1.0047059e+02   4.6154401e+01   5.0340959e+01   4.4285576e+01   5.1578065e+01   3.6247181e+01   3.5128592e+01   4.1129895e+01   6.5772846e+01   9.6875427e+01   5.2744762e+01   6.4045807e+01   7.6005332e+01   5.3350209e+01   9.4392866e+01   8.9265690e+01   7.9375894e+01   6.1959792e+01   7.9729499e+01   9.5236435e+01   9.6974769e+01   8.1503736e+01   9.0342999e+01   6.2193155e+01   5.5661967e+01   1.0129050e+02   9.2780917e+01   7.8487676e+01   7.8841599e+01   1.1076072e+02   8.9301443e+01   1.0090028e+02   9.6788965e+01   7.1120745e+01   8.4598071e+01   7.2046825e+01   1.0049921e+02   1.1189719e+02   8.4829596e+01   1.0283484e+02   1.1474279e+02   9.7214313e+01   1.0129717e+02   1.1715727e+02   1.1297797e+02   1.1332147e+02   1.0578889e+02   1.0090012e+02   1.1458263e+02   5.7751687e+01   5.9933239e+01   6.3457259e+01   6.4938467e+01   6.7042110e+01   6.0587547e+01   5.3277883e+01
   4.6385806e+01   0.0000000e+00   4.8700592e+01   7.1625754e+01   4.9800505e+01   7.7985191e+01   2.7872571e+01   8.6713982e+01   3.5845316e+01   3.6065728e+01   6.2225501e+01   5.6766011e+01   5.8564322e+01   3.3768196e+01   1.0688721e+02   3.6465284e+01   7.8293287e+01   7.7584123e+01   6.3038820e+01   9.2321298e+01   3.7285914e+01   6.0808923e+01   5.9710508e+01   8.9920025e+01   1.8439162e+01   5.1072465e+01   5.3764041e+01   7.1563754e+01   2.5637755e+01   5.7107365e+01   2.7853351e+01   6.3980548e+01   5.1534015e+01   6.5622598e+01   9.8239915e+01   7.1606701e+01   7.5675326e+01   6.3093949e+01   7.7504516e+01   8.5928284e+01   8.0598606e+01   4.9473631e+01   4.9623651e+01   3.9652271e+01   6.1838867e+01   4.6405612e+01   4.5944026e+01   6.4901037e+01   9.6168465e+01   1.0963604e+02   7.6432928e+01   9.7441444e+01   1.0411343e+02   8.5957441e+01   1.0103088e+02   1.1768577e+02   8.6715677e+01   7.4334127e+01   1.0645554e+02   1.1610303e+02   9.3706726e+01   1.0042026e+02   1.1472316e+02   7.6797312e+01   8.2020171e+01   1.2203218e+02   8.1245596e+01   1.0121138e+02   8.2520176e+01   9.8808441e+01   7.8344814e+01   1.1524036e+02   1.0509711e+02   6.2893920e+01   7.2984550e+01   7.8256694e+01   1.0993255e+02   1.0723603e+02   9.4130367e+01   9.6845807e+01   1.0594045e+02   7.9450812e+01   1.0650429e+02   9.9242285e+01   9.3375440e+01   1.1647600e+02   1.0747191e+02   9.4185506e+01   1.0762589e+02   6.6143926e+01   6.4379260e+01   7.0870779e+01   8.0704283e+01   8.6401320e+01   7.8696820e+01   7.8640757e+01
   2.4759684e+01   4.8700592e+01   0.0000000e+00   3.3017460e+01   2.6701626e+01   3.2577595e+01   5.9652195e+01   5.7115752e+01   5.0511317e+01   2.7454965e+01   3.6411528e+01   4.6928726e+01   7.7961731e+01   2.8189017e+01   7.1217154e+01   1.6101982e+01   3.4619313e+01   5.9850484e+01   7.6413299e+01   5.6365414e+01   5.0586706e+01   8.6084316e+01   7.2360609e+01   6.7991164e+01   4.8451830e+01   4.7572416e+01   5.8952390e+01   4.4480183e+01   5.0892962e+01   7.2045649e+01   3.6292241e+01   6.8388971e+01   7.8297567e+01   7.4588337e+01   7.6054362e+01   8.9850722e+01   8.7465872e+01   6.9042411e+01   6.9745558e+01   7.4522848e+01   8.1158182e+01   2.3388137e+01   2.8398705e+01   2.6093239e+01   3.0199738e+01   1.9323090e+01   1.4163097e+01   2.1423477e+01   5.3357249e+01   7.8596788e+01   3.3374287e+01   4.8970944e+01   5.7914155e+01   3.8443894e+01   8.0416696e+01   7.2214482e+01   6.7071619e+01   4.5211911e+01   6.0271815e+01   7.3484970e+01   8.8265565e+01   6.0228836e+01   7.4948446e+01   4.4064529e+01   3.6912057e+01   8.0034172e+01   8.2307783e+01   6.0465480e+01   6.5476545e+01   9.6449408e+01   7.7275260e+01   7.9095743e+01   7.5606409e+01   5.2999105e+01   6.6167771e+01   4.7870674e+01   7.8187129e+01   8.8126068e+01   6.2426861e+01   7.8822389e+01   9.4082002e+01   7.8853308e+01   7.9272941e+01   9.7764929e+01   9.2902302e+01   8.8623411e+01   8.1391372e+01   7.7383892e+01   9.0394446e+01   3.4163561e+01   3.7003881e+01   4.1910686e+01   4.1062795e+01   4.4522309e+01   3.7869414e+01   3.2314474e+01
   3.8694423e+01   7.1625754e+01   3.3017460e+01   0.0000000e+00   2.3445272e+01   1.5749464e+01   8.9046692e+01   2.9982884e+01   8.1920931e+01   6.0137198e+01   2.0753997e+01   4.0696603e+01   1.1011853e+02   4.1767173e+01   4.6583182e+01   4.8037409e+01   2.3586364e+01   4.3785379e+01   1.0937255e+02   3.7103414e+01   8.2825116e+01   1.1771696e+02   1.0520079e+02   5.5672333e+01   7.0826797e+01   7.8851964e+01   8.8943639e+01   5.2141680e+01   6.8249059e+01   9.0435679e+01   5.8618060e+01   8.5622600e+01   1.0431133e+02   1.0323358e+02   7.0982649e+01   1.1700132e+02   1.1275718e+02   7.7048824e+01   7.4330606e+01   8.3775434e+01   9.2648996e+01   4.9561743e+01   5.5243650e+01   5.5637259e+01   3.5707758e+01   3.2325050e+01   3.5702052e+01   2.2672919e+01   6.5903399e+01   9.9313789e+01   5.1299297e+01   4.1899934e+01   6.1874190e+01   2.7328013e+01   1.0741732e+02   5.7679007e+01   9.5528176e+01   7.2091760e+01   5.7918849e+01   7.4883336e+01   1.1945732e+02   7.2722047e+01   5.3387844e+01   6.8899405e+01   2.9070836e+01   7.3881548e+01   1.1467025e+02   4.4830750e+01   9.4950296e+01   1.2729525e+02   1.0935696e+02   7.1670108e+01   9.5809529e+01   8.2994600e+01   9.5298978e+01   5.6097308e+01   9.5195599e+01   1.0662714e+02   8.1606687e+01   9.6165626e+01   1.1944126e+02   1.0719872e+02   7.5130433e+01   1.2456992e+02   1.1812992e+02   9.9109782e+01   8.7260165e+01   8.7038576e+01   1.0252406e+02   5.7488923e+01   6.2155842e+01   6.7348489e+01   4.8233553e+01   5.6228270e+01   5.3896844e+01   3.5998441e+01
   2.7532973e+01   4.9800505e+01   2.6701626e+01   2.3445272e+01   0.0000000e+00   3.4905363e+01   7.0457526e+01   4.0632166e+01   6.6677073e+01   4.7689977e+01   1.7104835e+01   2.8342294e+01   9.5322115e+01   2.1589602e+01   6.2548279e+01   3.5590104e+01   3.8396775e+01   4.2358200e+01   9.6291331e+01   5.0759609e+01   6.8032931e+01   1.0153497e+02   9.2133083e+01   5.8567285e+01   5.0398057e+01   6.8555057e+01   7.7048325e+01   5.2180997e+01   4.7580645e+01   7.5609062e+01   4.0807549e+01   7.4186085e+01   8.7058021e+01   9.1260218e+01   7.4103818e+01   1.0275462e+02   1.0044687e+02   6.4311290e+01   6.8089089e+01   7.9850742e+01   8.3863980e+01   4.2469500e+01   4.7563306e+01   4.4121310e+01   3.4687502e+01   2.0884628e+01   2.6309981e+01   2.9057708e+01   7.5828722e+01   1.0414584e+02   5.7304792e+01   6.0407026e+01   7.6214608e+01   4.5961673e+01   1.0705531e+02   7.7567057e+01   9.3585225e+01   7.1807128e+01   7.4115879e+01   8.8772499e+01   1.1330458e+02   8.1922523e+01   7.1549830e+01   7.0344788e+01   4.4144751e+01   8.9489925e+01   1.0584064e+02   6.1298742e+01   9.1737724e+01   1.2042979e+02   1.0097960e+02   8.3919128e+01   9.9753130e+01   7.5646769e+01   8.8193196e+01   5.8762665e+01   1.0082368e+02   1.0683647e+02   8.5567959e+01   9.5299267e+01   1.1640518e+02   9.8784875e+01   8.1406022e+01   1.1755956e+02   1.1053157e+02   1.0436174e+02   9.1687623e+01   8.6016051e+01   1.0253782e+02   5.6780654e+01   5.9657834e+01   6.6554855e+01   5.5647896e+01   6.4679939e+01   5.9803687e+01   4.7290161e+01
   4.5301199e+01   7.7985191e+01   3.2577595e+01   1.5749464e+01   3.4905363e+01   0.0000000e+00   9.2110950e+01   3.6826239e+01   8.2824036e+01   5.9467309e+01   3.1435118e+01   4.9809921e+01   1.0972884e+02   4.8480387e+01   4.4344095e+01   4.8655291e+01   1.2287669e+01   5.0844423e+01   1.0676269e+02   3.3260794e+01   8.2746173e+01   1.1690867e+02   1.0248332e+02   5.6283249e+01   7.5468214e+01   7.4645534e+01   8.5399722e+01   4.6038456e+01   7.4106692e+01   9.1201781e+01   6.1644361e+01   8.4242550e+01   1.0495595e+02   9.9403246e+01   6.7060876e+01   1.1481049e+02   1.0949677e+02   7.9845808e+01   7.3561532e+01   7.9246871e+01   9.0935341e+01   4.5504234e+01   5.0926480e+01   5.3853965e+01   3.2560299e+01   3.5148145e+01   3.5774832e+01   1.6882116e+01   5.3546524e+01   8.6270973e+01   3.9590500e+01   2.6673365e+01   4.6412921e+01   1.1734989e+01   9.7162291e+01   4.4773920e+01   8.6707190e+01   6.2694151e+01   4.2289280e+01   5.9668141e+01   1.1261678e+02   5.8173045e+01   4.6446721e+01   5.8551537e+01   1.5267853e+01   6.0174045e+01   1.0892729e+02   3.5159832e+01   8.6511004e+01   1.1963174e+02   1.0326395e+02   6.1169913e+01   8.2868080e+01   7.6600489e+01   8.8284732e+01   4.7445677e+01   8.1584286e+01   9.5891382e+01   6.8943256e+01   8.6618567e+01   1.0953858e+02   1.0076244e+02   6.8039777e+01   1.1699562e+02   1.1131296e+02   8.6968762e+01   7.7341307e+01   8.0044593e+01   9.3690955e+01   4.8453607e+01   5.3853568e+01   5.7752717e+01   3.6194106e+01   4.2394779e+01   4.1393218e+01   2.2109777e+01
   5.7751212e+01   2.7872571e+01   5.9652195e+01   8.9046692e+01   7.0457526e+01   9.2110950e+01   0.0000000e+00   1.0873541e+02   1.6868749e+01   3.5564766e+01   8.4127231e+01   8.1776804e+01   3.1128508e+01   5.6107770e+01   1.2648213e+02   4.3771074e+01   9.2813801e+01   1.0183016e+02   3.9766295e+01   1.1086181e+02   1.9187247e+01   4.1099409e+01   3.8488195e+01   1.1138623e+02   3.7962103e+01   4.4620009e+01   4.7316553e+01   8.5104954e+01   4.8903452e+01   6.8916398e+01   4.5616303e+01   7.5122653e+01   5.1126575e+01   5.8711718e+01   1.1602357e+02   6.6210228e+01   7.3446734e+01   8.3082093e+01   9.5383270e+01   9.8511095e+01   9.3994660e+01   5.7883081e+01   5.6214457e+01   4.6651052e+01   7.7870074e+01   6.4281400e+01   6.0480562e+01   7.9098048e+01   9.4489878e+01   1.0160848e+02   7.8609179e+01   1.0618241e+02   1.0773656e+02   9.7699857e+01   8.6494671e+01   1.2975010e+02   7.2449251e+01   6.8118857e+01   1.1377169e+02   1.2183378e+02   7.2156905e+01   1.0109869e+02   1.3181712e+02   7.2554999e+01   9.4920727e+01   1.3192567e+02   6.0393752e+01   1.1663128e+02   6.8297668e+01   8.0658719e+01   5.9517543e+01   1.2856490e+02   9.9782382e+01   5.5891231e+01   6.4279469e+01   8.9453536e+01   1.0700211e+02   1.0631202e+02   9.2151249e+01   9.9085514e+01   9.7049413e+01   7.0818507e+01   1.2170807e+02   9.0300541e+01   8.8047596e+01   1.2033603e+02   1.1661923e+02   1.0423619e+02   1.1365951e+02   6.9395643e+01   6.6243356e+01   6.9351745e+01   9.0027983e+01   9.0806703e+01   8.2520801e+01   8.8101213e+01
   6.5106957e+01   8.6713982e+01   5.7115752e+01   2.9982884e+01   4.0632166e+01   3.6826239e+01   1.0873541e+02   0.0000000e+00   1.0445974e+02   8.2307523e+01   2.4787818e+01   3.5526648e+01   1.3250151e+02   5.3676010e+01   2.6396156e+01   7.0550514e+01   3.5600146e+01   2.3443841e+01   1.2988373e+02   2.4095421e+01   1.0432129e+02   1.3431746e+02   1.2489772e+02   3.5515777e+01   8.1589136e+01   9.6325955e+01   1.0341399e+02   5.4327938e+01   7.5087125e+01   9.1941749e+01   6.9839849e+01   8.6473369e+01   1.1302993e+02   1.1503806e+02   5.6332014e+01   1.2584164e+02   1.1971701e+02   7.0894878e+01   6.5466356e+01   7.8881807e+01   8.7448054e+01   6.5638121e+01   7.0679830e+01   7.2636306e+01   4.2815039e+01   4.6449207e+01   5.2791515e+01   4.0887234e+01   9.0029370e+01   1.1818494e+02   7.3459123e+01   5.8142848e+01   7.8254649e+01   4.4895970e+01   1.2965669e+02   5.8060659e+01   1.1915489e+02   9.4584567e+01   6.8300622e+01   8.1811251e+01   1.4308924e+02   8.8005407e+01   4.0312177e+01   9.0752782e+01   4.1318794e+01   7.3103961e+01   1.3581702e+02   3.9155292e+01   1.1756636e+02   1.4582376e+02   1.2980548e+02   6.3570837e+01   1.1115799e+02   1.0003382e+02   1.1064869e+02   5.9630496e+01   1.0810443e+02   1.1320713e+02   9.6222078e+01   1.0097221e+02   1.3184420e+02   1.1993511e+02   6.3447790e+01   1.3533997e+02   1.2654573e+02   1.0148023e+02   8.4109756e+01   8.3763998e+01   1.0129820e+02   7.4005948e+01   7.8376978e+01   8.5529924e+01   5.8011372e+01   7.1527671e+01   7.1254863e+01   5.2937279e+01
   5.0575564e+01   3.5845316e+01   5.0511317e+01   8.1920931e+01   6.6677073e+01   8.2824036e+01   1.6868749e+01   1.0445974e+02   0.0000000e+00   2.4585127e+01   8.0522789e+01   8.1828682e+01   2.8733167e+01   5.5082335e+01   1.2029821e+02   3.4844071e+01   8.4063102e+01   1.0058543e+02   3.5080530e+01   1.0452014e+02   7.9450298e+00   4.5602685e+01   3.3818602e+01   1.0884475e+02   4.4047516e+01   3.6345616e+01   4.3598433e+01   7.9275304e+01   5.4925103e+01   7.3478218e+01   4.6201267e+01   7.6556924e+01   5.8439709e+01   5.7641333e+01   1.1266301e+02   6.9868131e+01   7.5204177e+01   8.6506131e+01   9.5310960e+01   9.6473002e+01   9.5384330e+01   4.9879759e+01   4.8389024e+01   3.9751783e+01   7.1916642e+01   5.9445003e+01   5.4009631e+01   7.0715114e+01   7.8772686e+01   8.6924608e+01   6.4831146e+01   9.3888000e+01   9.3853962e+01   8.7011270e+01   7.1869304e+01   1.1905736e+02   5.7090180e+01   5.3067906e+01   1.0141059e+02   1.0972274e+02   6.0067201e+01   8.7526988e+01   1.2399455e+02   5.7798231e+01   8.5284253e+01   1.2140040e+02   5.1100259e+01   1.0831182e+02   5.3706874e+01   7.2334816e+01   4.9802207e+01   1.2061803e+02   8.6784934e+01   4.6344340e+01   5.6259421e+01   8.2221977e+01   9.4465517e+01   9.8473009e+01   7.9666601e+01   9.2416965e+01   8.8810529e+01   6.5909195e+01   1.1649784e+02   8.5827932e+01   8.4883235e+01   1.1162111e+02   1.0999842e+02   1.0022492e+02   1.0860917e+02   5.8460717e+01   5.5649864e+01   5.6940709e+01   8.0198785e+01   7.8436074e+01   7.0114512e+01   7.7073141e+01
   3.6688684e+01   3.6065728e+01   2.7454965e+01   6.0137198e+01   4.7689977e+01   5.9467309e+01   3.5564766e+01   8.2307523e+01   2.4585127e+01   0.0000000e+00   5.9531041e+01   6.3221579e+01   5.0966370e+01   3.7461949e+01   9.6370270e+01   1.2392509e+01   5.9753381e+01   7.9929177e+01   4.9557151e+01   8.0439838e+01   2.3308025e+01   5.9849952e+01   4.5809096e+01   8.6692180e+01   3.7881305e+01   2.7562593e+01   3.9128185e+01   5.6527063e+01   4.6125722e+01   6.4492768e+01   3.1610528e+01   6.3834262e+01   6.0015829e+01   5.5627407e+01   9.0673540e+01   7.0939863e+01   7.1831665e+01   7.2003672e+01   7.6980274e+01   7.8461038e+01   8.0987790e+01   2.6565197e+01   2.6459940e+01   1.8289264e+01   4.8227011e+01   3.7164194e+01   3.0597714e+01   4.6541967e+01   6.1909692e+01   7.4865373e+01   4.3556315e+01   7.0968399e+01   7.2578127e+01   6.3409241e+01   6.7761578e+01   9.4888232e+01   5.3143569e+01   3.8689087e+01   7.8339848e+01   8.7473086e+01   6.7206036e+01   6.7751808e+01   9.9522087e+01   4.1369089e+01   6.0882862e+01   9.7756645e+01   5.8751907e+01   8.3737780e+01   4.9874866e+01   7.5747798e+01   5.4596672e+01   9.6766694e+01   7.2602735e+01   3.6577682e+01   4.9600680e+01   5.9360121e+01   7.8346255e+01   8.4232910e+01   6.2433721e+01   7.6586270e+01   8.1697875e+01   6.1730091e+01   9.3877739e+01   8.2034095e+01   7.8989257e+01   9.2848686e+01   8.9364913e+01   8.1553500e+01   9.1616854e+01   3.6723148e+01   3.5262320e+01   3.8520737e+01   5.6308881e+01   5.6132456e+01   4.7840550e+01   5.2966379e+01
   4.3735926e+01   6.2225501e+01   3.6411528e+01   2.0753997e+01   1.7104835e+01   3.1435118e+01   8.4127231e+01   2.4787818e+01   8.0522789e+01   5.9531041e+01   0.0000000e+00   2.0021413e+01   1.0873256e+02   2.9523099e+01   4.6997867e+01   4.7693803e+01   3.1505164e+01   2.6699915e+01   1.0736052e+02   3.5991082e+01   8.0722916e+01   1.1150179e+02   1.0259918e+02   4.2895237e+01   5.8503078e+01   7.5944177e+01   8.3291289e+01   4.5495996e+01   5.3225160e+01   7.5526180e+01   4.7255308e+01   7.2154847e+01   9.2489658e+01   9.6049374e+01   6.0628290e+01   1.0694863e+02   1.0267272e+02   5.9050232e+01   5.9131149e+01   7.2359735e+01   7.8063998e+01   4.6667098e+01   5.1803173e+01   5.1306381e+01   2.9246039e+01   2.4360587e+01   3.1600990e+01   2.7322110e+01   8.0435182e+01   1.0731445e+02   6.1019350e+01   5.7422731e+01   7.4832884e+01   4.2329832e+01   1.1409052e+02   6.7941583e+01   1.0201866e+02   7.8495935e+01   6.9081680e+01   8.2874608e+01   1.2353045e+02   8.1256608e+01   5.7538847e+01   7.5906105e+01   3.8116774e+01   7.9897429e+01   1.1541129e+02   4.9003254e+01   9.9924624e+01   1.2753691e+02   1.0984855e+02   7.1682523e+01   1.0097913e+02   8.1532607e+01   9.3076352e+01   5.2466035e+01   1.0018817e+02   1.0440988e+02   8.6064121e+01   9.2050283e+01   1.1836949e+02   1.0272645e+02   6.8627468e+01   1.2001979e+02   1.1180257e+02   9.8375725e+01   8.3042096e+01   7.8584905e+01   9.6170563e+01   5.9145471e+01   6.2636223e+01   7.0375840e+01   5.1178234e+01   6.3576005e+01   6.0492950e+01   4.5229543e+01
   5.4577725e+01   5.6766011e+01   4.6928726e+01   4.0696603e+01   2.8342294e+01   4.9809921e+01   8.1776804e+01   3.5526648e+01   8.1828682e+01   6.3221579e+01   2.0021413e+01   0.0000000e+00   1.0872000e+02   2.6795219e+01   5.6540032e+01   5.3169675e+01   4.6743401e+01   2.1039529e+01   1.0672014e+02   4.5686361e+01   8.1279761e+01   1.0649865e+02   1.0155176e+02   3.8765465e+01   4.9610491e+01   7.6017704e+01   8.0120432e+01   4.6197688e+01   4.1225834e+01   6.2326199e+01   4.0975001e+01   6.1142704e+01   8.2112080e+01   9.0691351e+01   5.6377768e+01   9.8119890e+01   9.4048781e+01   4.2764698e+01   4.7637940e+01   6.4623518e+01   6.5806335e+01   5.0055634e+01   5.3861268e+01   5.2437131e+01   3.4158612e+01   2.9238995e+01   3.7337598e+01   4.1180775e+01   9.5332790e+01   1.1626628e+02   7.3263305e+01   7.4347205e+01   8.9211093e+01   5.9693799e+01   1.2145736e+02   8.1847750e+01   1.0952215e+02   8.6959395e+01   8.2790678e+01   9.3607204e+01   1.2819123e+02   9.1867121e+01   6.8429476e+01   8.5058895e+01   5.2878495e+01   8.9716851e+01   1.1717737e+02   6.0198196e+01   1.0616141e+02   1.2856840e+02   1.1156688e+02   7.7132263e+01   1.0777796e+02   8.2730081e+01   9.2969093e+01   5.5193792e+01   1.0702918e+02   1.0445443e+02   9.2882552e+01   9.0769216e+01   1.1868208e+02   9.9996445e+01   6.7856062e+01   1.1675724e+02   1.0702506e+02   1.0056426e+02   8.2876406e+01   7.3918586e+01   9.2771642e+01   6.5188047e+01   6.7247720e+01   7.6585087e+01   5.9798398e+01   7.4227547e+01   7.0626670e+01   5.8855583e+01
   7.8520739e+01   5.8564322e+01   7.7961731e+01   1.1011853e+02   9.5322115e+01   1.0972884e+02   3.1128508e+01   1.3250151e+02   2.8733167e+01   5.0966370e+01   1.0873256e+02   1.0872000e+02   0.0000000e+00   8.2360477e+01   1.4707902e+02   6.2556225e+01   1.1028486e+02   1.2750195e+02   2.0497253e+01   1.3086293e+02   2.8309905e+01   3.3013597e+01   2.4740035e+01   1.3395990e+02   6.5224824e+01   4.9680717e+01   5.1933446e+01   1.0168645e+02   7.6727630e+01   8.7392955e+01   7.0138262e+01   9.1599977e+01   6.3640304e+01   6.0186698e+01   1.3486426e+02   6.9356174e+01   7.8068869e+01   1.0634879e+02   1.1563136e+02   1.1363484e+02   1.1084145e+02   7.3541203e+01   7.0598941e+01   6.3660427e+01   9.7364346e+01   8.6706574e+01   8.0845235e+01   9.7373692e+01   9.6173035e+01   9.3987100e+01   8.5681781e+01   1.1754018e+02   1.1336450e+02   1.1258412e+02   7.2019935e+01   1.4271833e+02   6.0401281e+01   6.7337787e+01   1.2265740e+02   1.2826227e+02   4.8790475e+01   1.0364727e+02   1.4969714e+02   7.3274815e+01   1.1070938e+02   1.4217071e+02   3.9625184e+01   1.3335068e+02   5.6772043e+01   6.1758876e+01   4.2402351e+01   1.4237098e+02   9.5379460e+01   5.6546373e+01   6.0972284e+01   1.0348887e+02   1.0473386e+02   1.0657334e+02   9.2368932e+01   1.0346853e+02   8.8889599e+01   6.6898610e+01   1.3770974e+02   8.3507961e+01   8.6043102e+01   1.2467958e+02   1.2678730e+02   1.1633784e+02   1.2108153e+02   7.8297706e+01   7.4246133e+01   7.3314923e+01   1.0236814e+02   9.8317754e+01   9.0371198e+01   1.0117284e+02
   3.5800425e+01   3.3768196e+01   2.8189017e+01   4.1767173e+01   2.1589602e+01   4.8480387e+01   5.6107770e+01   5.3676010e+01   5.5082335e+01   3.7461949e+01   2.9523099e+01   2.6795219e+01   8.2360477e+01   0.0000000e+00   7.3131223e+01   2.8286227e+01   4.7400297e+01   4.6132984e+01   8.1576869e+01   5.8835308e+01   5.4863740e+01   8.3389005e+01   7.6853085e+01   5.8623731e+01   2.9580305e+01   5.3798998e+01   5.9605216e+01   4.5262763e+01   2.6802655e+01   5.5202301e+01   1.9858472e+01   5.5580855e+01   6.5781498e+01   7.2631866e+01   6.9853296e+01   8.2322869e+01   8.0638856e+01   4.8124674e+01   5.5913154e+01   6.7070744e+01   6.7588479e+01   3.2151511e+01   3.5549363e+01   3.0164603e+01   3.1617554e+01   1.5562061e+01   2.0068270e+01   3.5416152e+01   8.0998310e+01   1.0036033e+02   5.8770990e+01   7.0857064e+01   8.1699327e+01   5.7502273e+01   1.0065355e+02   8.7059704e+01   8.7417147e+01   6.7141660e+01   8.0167195e+01   9.1208528e+01   1.0381160e+02   8.1688973e+01   8.1465127e+01   6.6748200e+01   5.2190652e+01   9.3410381e+01   9.3130371e+01   6.8920847e+01   8.3963585e+01   1.0700889e+02   8.8136713e+01   8.5394608e+01   9.3916536e+01   6.2324157e+01   7.3863148e+01   5.3050816e+01   9.5757752e+01   9.5644660e+01   8.0104303e+01   8.3485474e+01   1.0343004e+02   8.2433996e+01   7.8220222e+01   1.0132215e+02   9.3563758e+01   9.7378503e+01   8.4767086e+01   7.4831312e+01   9.1146091e+01   5.0053567e+01   5.0952670e+01   5.9463969e+01   5.4961296e+01   6.4888954e+01   5.8813818e+01   5.2368513e+01
   8.4369980e+01   1.0688721e+02   7.1217154e+01   4.6583182e+01   6.2548279e+01   4.4344095e+01   1.2648213e+02   2.6396156e+01   1.2029821e+02   9.6370270e+01   4.6997867e+01   5.6540032e+01   1.4707902e+02   7.3131223e+01   0.0000000e+00   8.5695148e+01   3.9273720e+01   4.0286351e+01   1.4151304e+02   1.6877687e+01   1.1900513e+02   1.4716387e+02   1.3622682e+02   3.5411947e+01   9.9296242e+01   1.0553405e+02   1.1241662e+02   5.5932854e+01   9.3384687e+01   1.0214524e+02   8.5802843e+01   9.3407941e+01   1.2543792e+02   1.2259749e+02   4.8778172e+01   1.3441578e+02   1.2608744e+02   8.1417932e+01   6.8964262e+01   7.7712357e+01   9.0801454e+01   7.5215950e+01   7.9662126e+01   8.4686805e+01   5.1324728e+01   6.2226613e+01   6.6609891e+01   5.0590104e+01   9.0515702e+01   1.1498513e+02   7.6397958e+01   5.3995166e+01   7.1776886e+01   4.5998877e+01   1.3163101e+02   4.0268016e+01   1.2378920e+02   9.9038009e+01   5.7907829e+01   6.8279029e+01   1.4995442e+02   8.2269843e+01   1.5906666e+01   9.4014298e+01   4.1592184e+01   5.4424379e+01   1.4363407e+02   2.3825590e+01   1.2252639e+02   1.5010497e+02   1.3705084e+02   4.4890956e+01   1.0690917e+02   1.0635691e+02   1.1530934e+02   5.7797446e+01   1.0146719e+02   1.0769294e+02   9.2828159e+01   9.6747396e+01   1.3049354e+02   1.2418317e+02   5.0727534e+01   1.3679634e+02   1.2819478e+02   9.0545907e+01   7.3500915e+01   7.9034804e+01   9.4225501e+01   7.7883565e+01   8.2773404e+01   8.8746611e+01   5.5668875e+01   6.8728685e+01   7.1489399e+01   5.4037694e+01
   2.7146826e+01   3.6465284e+01   1.6101982e+01   4.8037409e+01   3.5590104e+01   4.8655291e+01   4.3771074e+01   7.0550514e+01   3.4844071e+01   1.2392509e+01   4.7693803e+01   5.3169675e+01   6.2556225e+01   2.8286227e+01   8.5695148e+01   0.0000000e+00   4.9716041e+01   6.9436588e+01   6.1899474e+01   7.0235347e+01   3.4853377e+01   7.0979977e+01   5.8018373e+01   7.7729644e+01   3.8035684e+01   3.6717305e+01   4.7827216e+01   5.1022787e+01   4.3658039e+01   6.5696299e+01   2.8925444e+01   6.4341948e+01   6.6368234e+01   6.4011360e+01   8.4109176e+01   7.8728554e+01   7.8357475e+01   6.8231858e+01   7.2490368e+01   7.6328083e+01   7.9909305e+01   2.3024534e+01   2.5524556e+01   1.8111630e+01   3.9639897e+01   2.6652246e+01   2.0679239e+01   3.6158750e+01   6.0088958e+01   7.9022842e+01   4.0521673e+01   6.3208887e+01   6.8424787e+01   5.3951513e+01   7.5585444e+01   8.6742108e+01   6.1206851e+01   4.3039191e+01   7.2558873e+01   8.3600240e+01   7.8172966e+01   6.6704999e+01   8.9720808e+01   4.4092087e+01   5.1673413e+01   9.1941160e+01   7.0549063e+01   7.4644425e+01   5.8631561e+01   8.6588544e+01   6.6066156e+01   9.0309050e+01   7.6254205e+01   4.4731422e+01   5.8037967e+01   5.4750220e+01   8.0622059e+01   8.7540397e+01   6.4448525e+01   7.8689211e+01   8.8960217e+01   7.0177298e+01   8.7993700e+01   9.0152205e+01   8.5918694e+01   9.2742793e+01   8.6935325e+01   8.0003184e+01   9.1977394e+01   3.6088097e+01   3.6418678e+01   4.1132189e+01   5.0817184e+01   5.2828824e+01   4.4962167e+01   4.5446623e+01
   5.2280787e+01   7.8293287e+01   3.4619313e+01   2.3586364e+01   3.8396775e+01   1.2287669e+01   9.2813801e+01   3.5600146e+01   8.4063102e+01   5.9753381e+01   3.1505164e+01   4.6743401e+01   1.1028486e+02   4.7400297e+01   3.9273720e+01   4.9716041e+01   0.0000000e+00   4.6023036e+01   1.0524866e+02   2.5250573e+01   8.2863412e+01   1.1410617e+02   1.0046055e+02   4.7119248e+01   7.2897138e+01   7.0823355e+01   8.0362506e+01   3.5044027e+01   7.0950658e+01   8.3570014e+01   5.8212816e+01   7.5355494e+01   9.9533930e+01   9.3171369e+01   5.5483376e+01   1.0815683e+02   1.0173552e+02   7.1748386e+01   6.3213261e+01   6.7889425e+01   8.0657632e+01   4.0840112e+01   4.5861620e+01   5.0614647e+01   2.4076625e+01   3.2648886e+01   3.3358292e+01   1.3773199e+01   5.6130479e+01   8.2881084e+01   3.8732895e+01   2.8027557e+01   4.4512797e+01   1.4711478e+01   9.5417979e+01   4.0135992e+01   8.5996821e+01   6.1247392e+01   3.7594900e+01   5.2491929e+01   1.1192436e+02   5.3216965e+01   4.0528754e+01   5.6703652e+01   6.6863159e+00   5.1695315e+01   1.0679776e+02   2.6469274e+01   8.5005199e+01   1.1558471e+02   1.0062696e+02   5.0231130e+01   7.7138630e+01   7.1908807e+01   8.2625530e+01   3.6146496e+01   7.4847322e+01   8.6250801e+01   6.2597563e+01   7.6373707e+01   1.0220432e+02   9.4106008e+01   5.5978474e+01   1.0934994e+02   1.0292718e+02   7.6335127e+01   6.5412712e+01   6.8293148e+01   8.2164719e+01   4.2791906e+01   4.8170159e+01   5.3162085e+01   2.6441425e+01   3.6612932e+01   3.6457496e+01   1.7367667e+01
   6.9744628e+01   7.7584123e+01   5.9850484e+01   4.3785379e+01   4.2358200e+01   5.0844423e+01   1.0183016e+02   2.3443841e+01   1.0058543e+02   7.9929177e+01   2.6699915e+01   2.1039529e+01   1.2750195e+02   4.6132984e+01   4.0286351e+01   6.9436588e+01   4.6023036e+01   0.0000000e+00   1.2391422e+02   3.3763640e+01   9.9574502e+01   1.2430679e+02   1.1846692e+02   2.3464227e+01   6.9176987e+01   9.0518108e+01   9.4630779e+01   4.8316519e+01   6.0544442e+01   7.4247241e+01   5.9152649e+01   7.0238299e+01   9.8094075e+01   1.0416169e+02   4.5993644e+01   1.1181763e+02   1.0570008e+02   5.0294318e+01   4.7715630e+01   6.5043555e+01   6.9589609e+01   6.2177963e+01   6.6171204e+01   6.7487636e+01   3.9820453e+01   4.3137673e+01   5.0695354e+01   4.6700224e+01   1.0087487e+02   1.2231388e+02   8.0071045e+01   7.3005802e+01   8.9480392e+01   5.9227217e+01   1.3178136e+02   7.2656462e+01   1.2123397e+02   9.7254380e+01   7.9639061e+01   8.9683940e+01   1.4239833e+02   9.4151734e+01   5.3964026e+01   9.4171210e+01   5.1857247e+01   8.1270291e+01   1.3204660e+02   5.0020721e+01   1.1822382e+02   1.4125992e+02   1.2590696e+02   6.6405109e+01   1.1283842e+02   9.5251586e+01   1.0467234e+02   5.6120337e+01   1.1006750e+02   1.0770179e+02   9.7694150e+01   9.3937681e+01   1.2649970e+02   1.1143862e+02   5.7819722e+01   1.2634221e+02   1.1602193e+02   9.8782585e+01   7.8775676e+01   7.3166650e+01   9.2295107e+01   7.3614765e+01   7.6603053e+01   8.5624617e+01   6.0993665e+01   7.7077066e+01   7.5683811e+01   6.1240972e+01
   8.3300028e+01   6.3038820e+01   7.6413299e+01   1.0937255e+02   9.6291331e+01   1.0676269e+02   3.9766295e+01   1.2988373e+02   3.5080530e+01   4.9557151e+01   1.0736052e+02   1.0672014e+02   2.0497253e+01   8.1576869e+01   1.4151304e+02   6.1899474e+01   1.0524866e+02   1.2391422e+02   0.0000000e+00   1.2481774e+02   2.9898110e+01   2.3905072e+01   6.4645984e+00   1.2683588e+02   6.3932910e+01   3.7392580e+01   3.7133568e+01   9.1834414e+01   7.5128735e+01   7.7535154e+01   6.6546426e+01   7.9794168e+01   5.4282470e+01   4.3062930e+01   1.2438168e+02   5.4351116e+01   6.1866263e+01   9.8735991e+01   1.0556208e+02   1.0039680e+02   9.8481985e+01   6.6336014e+01   6.2219580e+01   5.7631520e+01   9.0932126e+01   8.3634420e+01   7.7140773e+01   9.3169818e+01   9.1024403e+01   8.0791389e+01   7.8939390e+01   1.1215055e+02   1.0516427e+02   1.0825185e+02   5.9835051e+01   1.3491906e+02   5.0592274e+01   5.8231450e+01   1.1389652e+02   1.1667103e+02   3.9147735e+01   9.2262838e+01   1.4278884e+02   6.4034849e+01   1.0491427e+02   1.3104581e+02   2.3285280e+01   1.2587614e+02   4.5122900e+01   4.3193866e+01   2.4746099e+01   1.3104700e+02   8.0106230e+01   4.1563236e+01   4.2833926e+01   9.2517055e+01   8.9372482e+01   8.8196544e+01   7.8221887e+01   8.6213664e+01   6.9035486e+01   4.7367526e+01   1.2591575e+02   6.3190431e+01   6.6541522e+01   1.0815353e+02   1.1199104e+02   1.0171883e+02   1.0423702e+02   6.8114475e+01   6.3188645e+01   6.1841092e+01   9.2841787e+01   8.8540412e+01   8.1141611e+01   9.4706847e+01
   7.2176918e+01   9.2321298e+01   5.6365414e+01   3.7103414e+01   5.0759609e+01   3.3260794e+01   1.1086181e+02   2.4095421e+01   1.0452014e+02   8.0439838e+01   3.5991082e+01   4.5686361e+01   1.3086293e+02   5.8835308e+01   1.6877687e+01   7.0235347e+01   2.5250573e+01   3.3763640e+01   1.2481774e+02   0.0000000e+00   1.0284613e+02   1.3044481e+02   1.1946999e+02   2.8565594e+01   8.4125476e+01   8.8700058e+01   9.5563295e+01   3.9737512e+01   7.9000932e+01   8.7363482e+01   7.0107547e+01   7.8469516e+01   1.0947134e+02   1.0596240e+02   4.0627424e+01   1.1822097e+02   1.1018383e+02   6.8847274e+01   5.6797631e+01   6.4721804e+01   7.7868646e+01   5.8493290e+01   6.2843684e+01   6.8101842e+01   3.4627852e+01   4.6840469e+01   5.0702209e+01   3.5462899e+01   7.9161891e+01   1.0165821e+02   6.2223889e+01   4.5591541e+01   6.1882723e+01   3.5592947e+01   1.1680796e+02   3.8969027e+01   1.0859467e+02   8.3758590e+01   4.9300788e+01   5.9852245e+01   1.3407499e+02   6.9859544e+01   2.3234838e+01   7.8988791e+01   2.8106548e+01   4.9759998e+01   1.2712053e+02   1.6569157e+01   1.0690622e+02   1.3380499e+02   1.2051733e+02   3.9784242e+01   9.3131189e+01   8.9655179e+01   9.8743620e+01   4.2125697e+01   8.8515845e+01   9.3899935e+01   7.8549193e+01   8.2553797e+01   1.1526610e+02   1.0773962e+02   4.3110792e+01   1.2098899e+02   1.1253778e+02   7.9322095e+01   6.2659414e+01   6.6295631e+01   8.2026162e+01   6.1606176e+01   6.6321256e+01   7.2790407e+01   4.0445555e+01   5.4861540e+01   5.6689136e+01   3.9996616e+01
   5.4303610e+01   3.7285914e+01   5.0586706e+01   8.2825116e+01   6.8032931e+01   8.2746173e+01   1.9187247e+01   1.0432129e+02   7.9450298e+00   2.3308025e+01   8.0722916e+01   8.1279761e+01   2.8309905e+01   5.4863740e+01   1.1900513e+02   3.4853377e+01   8.2863412e+01   9.9574502e+01   2.9898110e+01   1.0284613e+02   0.0000000e+00   4.0294246e+01   2.7560323e+01   1.0627015e+02   4.2101063e+01   2.9183655e+01   3.5833692e+01   7.5176094e+01   5.3231491e+01   6.8076236e+01   4.3635022e+01   7.0670444e+01   5.2590572e+01   4.9827064e+01   1.0857800e+02   6.2679858e+01   6.7729220e+01   8.2628616e+01   9.0794983e+01   9.0721398e+01   8.9639383e+01   4.6340199e+01   4.4063627e+01   3.6083687e+01   6.9429793e+01   5.8405076e+01   5.2593287e+01   6.9680390e+01   7.7895641e+01   8.2492827e+01   6.2770197e+01   9.2939190e+01   9.1640876e+01   8.6390775e+01   6.7732633e+01   1.1707424e+02   5.3604457e+01   4.9565379e+01   9.8911831e+01   1.0597886e+02   5.6586348e+01   8.3708797e+01   1.2223201e+02   5.4369609e+01   8.3790386e+01   1.1785105e+02   4.5699542e+01   1.0616227e+02   4.9365337e+01   6.5947683e+01   4.3757685e+01   1.1671609e+02   8.1321403e+01   3.9302011e+01   4.8716519e+01   7.7799606e+01   8.8986178e+01   9.1363293e+01   7.4411286e+01   8.5471169e+01   8.1407154e+01   5.8008177e+01   1.1204143e+02   7.7950414e+01   7.6955908e+01   1.0541321e+02   1.0425819e+02   9.4143429e+01   1.0184272e+02   5.4103194e+01   5.0698662e+01   5.2119128e+01   7.6720259e+01   7.5061503e+01   6.6804474e+01   7.5206474e+01
   9.3044688e+01   6.0808923e+01   8.6084316e+01   1.1771696e+02   1.0153497e+02   1.1690867e+02   4.1099409e+01   1.3431746e+02   4.5602685e+01   5.9849952e+01   1.1150179e+02   1.0649865e+02   3.3013597e+01   8.3389005e+01   1.4716387e+02   7.0979977e+01   1.1410617e+02   1.2430679e+02   2.3905072e+01   1.3044481e+02   4.0294246e+01   0.0000000e+00   2.2751872e+01   1.2720168e+02   5.8985614e+01   4.5851095e+01   3.8424459e+01   9.5506396e+01   6.9318618e+01   6.6918178e+01   6.5706216e+01   7.2647859e+01   3.8237412e+01   3.7756507e+01   1.2436536e+02   3.9570809e+01   5.0836673e+01   9.1249999e+01   1.0136210e+02   9.7446132e+01   9.0889211e+01   7.3453568e+01   6.8951705e+01   6.3728469e+01   9.5864018e+01   8.8416961e+01   8.3425024e+01   1.0166964e+02   1.0980183e+02   9.8701469e+01   9.3937428e+01   1.2569576e+02   1.2053682e+02   1.1981322e+02   8.0496206e+01   1.4580296e+02   7.2249528e+01   7.5903408e+01   1.2685206e+02   1.2876439e+02   6.1253059e+01   1.0691265e+02   1.5008520e+02   8.0955504e+01   1.1468202e+02   1.4080265e+02   4.2885032e+01   1.3357803e+02   6.5874899e+01   5.5456915e+01   4.3205663e+01   1.3703503e+02   9.4544240e+01   5.1898795e+01   5.0937652e+01   9.7727439e+01   1.0250079e+02   9.3012000e+01   9.1356224e+01   8.9218321e+01   7.5930440e+01   4.9024216e+01   1.2791934e+02   6.3019008e+01   6.3592966e+01   1.1418077e+02   1.1510740e+02   1.0109350e+02   1.0441275e+02   7.8726734e+01   7.3369550e+01   7.4917159e+01   1.0192806e+02   1.0126723e+02   9.3939345e+01   1.0602603e+02
   8.0634893e+01   5.9710508e+01   7.2360609e+01   1.0520079e+02   9.2133083e+01   1.0248332e+02   3.8488195e+01   1.2489772e+02   3.3818602e+01   4.5809096e+01   1.0259918e+02   1.0155176e+02   2.4740035e+01   7.6853085e+01   1.3622682e+02   5.8018373e+01   1.0046055e+02   1.1846692e+02   6.4645984e+00   1.1946999e+02   2.7560323e+01   2.2751872e+01   0.0000000e+00   1.2090107e+02   5.9158709e+01   3.1589344e+01   3.0679074e+01   8.5888191e+01   7.0161825e+01   7.1469701e+01   6.1255478e+01   7.3413625e+01   4.9180208e+01   3.7147710e+01   1.1814093e+02   4.9373025e+01   5.6275628e+01   9.2648793e+01   9.9202633e+01   9.3951046e+01   9.2073852e+01   6.1017319e+01   5.6702567e+01   5.2385886e+01   8.5462404e+01   7.8681232e+01   7.2247692e+01   8.8452582e+01   8.8677847e+01   7.8392930e+01   7.5194502e+01   1.0820971e+02   1.0146341e+02   1.0402304e+02   5.9211945e+01   1.3020762e+02   4.9816827e+01   5.5129436e+01   1.0954360e+02   1.1207610e+02   4.1700397e+01   8.8278576e+01   1.3756516e+02   6.0672063e+01   1.0017441e+02   1.2597306e+02   2.4412748e+01   1.2064613e+02   4.3775306e+01   4.2744178e+01   2.3922416e+01   1.2535694e+02   7.6518505e+01   3.6116596e+01   3.7580707e+01   8.6666185e+01   8.5383775e+01   8.3015392e+01   7.3902475e+01   8.0452722e+01   6.5246505e+01   4.2195551e+01   1.1977189e+02   5.9013376e+01   6.1462590e+01   1.0275223e+02   1.0599311e+02   9.5399591e+01   9.8219758e+01   6.3045743e+01   5.7963882e+01   5.7230457e+01   8.7620660e+01   8.4026061e+01   7.6647045e+01   9.0162351e+01
   8.4014782e+01   8.9920025e+01   6.7991164e+01   5.5672333e+01   5.8567285e+01   5.6283249e+01   1.1138623e+02   3.5515777e+01   1.0884475e+02   8.6692180e+01   4.2895237e+01   3.8765465e+01   1.3395990e+02   5.8623731e+01   3.5411947e+01   7.7729644e+01   4.7119248e+01   2.3464227e+01   1.2683588e+02   2.8565594e+01   1.0627015e+02   1.2720168e+02   1.2090107e+02   0.0000000e+00   7.7946790e+01   9.0863663e+01   9.3690034e+01   3.9647144e+01   7.0129011e+01   7.2219470e+01   6.6238469e+01   6.4398033e+01   9.9229976e+01   1.0092433e+02   2.3616375e+01   1.0871345e+02   1.0011974e+02   4.8676415e+01   3.6267341e+01   5.0110234e+01   5.8942774e+01   6.3664056e+01   6.6657741e+01   7.1168834e+01   4.0136851e+01   5.1695881e+01   5.7221443e+01   5.1097294e+01   1.0067356e+02   1.1554337e+02   7.9546304e+01   7.1563061e+01   8.4206890e+01   6.0724614e+01   1.2858685e+02   6.3844176e+01   1.2042963e+02   9.6398440e+01   7.1924521e+01   7.7402737e+01   1.4258220e+02   8.6348117e+01   4.4821128e+01   9.2543723e+01   5.0759968e+01   6.6363124e+01   1.3185109e+02   4.0776252e+01   1.1706252e+02   1.3724127e+02   1.2506275e+02   4.7563110e+01   1.0380884e+02   9.2973226e+01   1.0025161e+02   4.5500168e+01   9.9168484e+01   9.3714205e+01   8.9184713e+01   8.0113472e+01   1.1664332e+02   1.0560822e+02   3.5744187e+01   1.1759919e+02   1.0676392e+02   8.1549241e+01   5.9717359e+01   5.6336829e+01   7.4793280e+01   7.0590887e+01   7.3499996e+01   8.2317428e+01   5.3856976e+01   7.1188965e+01   7.1703236e+01   5.9776762e+01
   5.4579493e+01   1.8439162e+01   4.8451830e+01   7.0826797e+01   5.0398057e+01   7.5468214e+01   3.7962103e+01   8.1589136e+01   4.4047516e+01   3.7881305e+01   5.8503078e+01   4.9610491e+01   6.5224824e+01   2.9580305e+01   9.9296242e+01   3.8035684e+01   7.2897138e+01   6.9176987e+01   6.3932910e+01   8.4125476e+01   4.2101063e+01   5.8985614e+01   5.9158709e+01   7.7946790e+01   0.0000000e+00   4.4571120e+01   4.4312216e+01   5.8831906e+01   1.1521071e+01   3.8968244e+01   1.5274460e+01   4.5797406e+01   3.9306336e+01   5.4280681e+01   8.3602854e+01   5.9253852e+01   6.1219331e+01   4.6101039e+01   6.0701775e+01   6.8683779e+01   6.2266503e+01   4.1612319e+01   4.0835227e+01   3.2788742e+01   5.2503328e+01   4.0778489e+01   4.0724273e+01   6.0284313e+01   9.6007115e+01   1.0475801e+02   7.3474519e+01   9.4191419e+01   9.9699057e+01   8.2721759e+01   9.9039662e+01   1.1084339e+02   8.6268166e+01   7.1925755e+01   1.0016763e+02   1.0752301e+02   9.4815959e+01   9.3867738e+01   1.0674473e+02   7.3659038e+01   7.6417070e+01   1.1227439e+02   8.0124055e+01   9.2899528e+01   8.1072145e+01   9.4105281e+01   7.5991536e+01   1.0328356e+02   9.7436353e+01   5.5514582e+01   6.4241118e+01   6.5956522e+01   1.0113807e+02   9.3853255e+01   8.5914841e+01   8.2427557e+01   9.5519428e+01   6.8813555e+01   9.2179638e+01   8.7641052e+01   7.9979824e+01   1.0293614e+02   9.2613999e+01   7.7710395e+01   9.1488951e+01   5.8520362e+01   5.6272781e+01   6.4410097e+01   7.1771075e+01   7.9679190e+01   7.2566090e+01   7.3459887e+01
   6.3475916e+01   5.1072465e+01   4.7572416e+01   7.8851964e+01   6.8555057e+01   7.4645534e+01   4.4620009e+01   9.6325955e+01   3.6345616e+01   2.7562593e+01   7.5944177e+01   7.6017704e+01   4.9680717e+01   5.3798998e+01   1.0553405e+02   3.6717305e+01   7.0823355e+01   9.0518108e+01   3.7392580e+01   8.8700058e+01   2.9183655e+01   4.5851095e+01   3.1589344e+01   9.0863663e+01   4.4571120e+01   0.0000000e+00   1.4331374e+01   5.4560506e+01   5.3193030e+01   5.3846874e+01   3.9127582e+01   5.1132910e+01   4.6023449e+01   3.0427920e+01   8.7770845e+01   4.8917263e+01   4.8539421e+01   6.9373520e+01   7.1880931e+01   6.6717103e+01   6.8884085e+01   3.0972228e+01   2.6037993e+01   2.4802844e+01   5.5119789e+01   5.1598060e+01   4.4759887e+01   5.9642931e+01   6.8868779e+01   6.3688383e+01   4.9629653e+01   8.0744170e+01   7.5600190e+01   7.5810770e+01   5.5811505e+01   1.0020111e+02   4.5270283e+01   3.5651657e+01   8.1053159e+01   8.3925384e+01   5.5747564e+01   6.3007166e+01   1.0648665e+02   3.8997159e+01   7.0401682e+01   9.5914978e+01   4.1933617e+01   8.9539110e+01   3.8858412e+01   5.3238112e+01   3.5872644e+01   9.4141214e+01   5.7641123e+01   1.2026426e+01   2.2955436e+01   5.5187338e+01   6.4034861e+01   6.2362452e+01   4.9928633e+01   5.6372501e+01   5.6146876e+01   3.4171729e+01   8.8978209e+01   5.4512646e+01   5.2072306e+01   7.6990890e+01   7.7183745e+01   6.7757629e+01   7.3418601e+01   3.2896849e+01   2.7635063e+01   3.0115173e+01   5.6677134e+01   5.5570881e+01   4.8226362e+01   6.0968977e+01
