1.025000000000000000e+03 1.474000000000000000e+03 2.390000000000000000e+02 4.120000000000000000e+02 1.860000000000000000e+02 2.560000000000000000e+02 4.300000000000000000e+02 9.300000000000000000e+01 1.170000000000000000e+02 3.610000000000000000e+02 4.100000000000000000e+01 2.300000000000000000e+01 2.260000000000000000e+02 1.450000000000000000e+02 1.280000000000000000e+02 4.720000000000000000e+02 6.000000000000000000e+00 1.800000000000000000e+01 2.500000000000000000e+02 1.000000000000000000e+01 2.100000000000000000e+02 2.290000000000000000e+02 2.980000000000000000e+02 6.000000000000000000e+01 2.200000000000000000e+01 1.030000000000000000e+02 1.680000000000000000e+02 2.700000000000000000e+01 1.500000000000000000e+01 6.000000000000000000e+01 1.000000000000000000e+00 2.300000000000000000e+01 1.010000000000000000e+02 3.600000000000000000e+01 1.000000000000000000e+01 1.570000000000000000e+02 7.600000000000000000e+01 1.000000000000000000e+01 8.000000000000000000e+00 9.000000000000000000e+00 2.900000000000000000e+01 4.800000000000000000e+01 1.000000000000000000e+02 2.500000000000000000e+01 6.600000000000000000e+01 9.400000000000000000e+01 2.000000000000000000e+01 1.800000000000000000e+01 2.200000000000000000e+01 7.000000000000000000e+00 9.000000000000000000e+00 1.100000000000000000e+01 2.000000000000000000e+00 5.500000000000000000e+01 1.500000000000000000e+01 5.000000000000000000e+00 3.000000000000000000e+00 9.000000000000000000e+00 1.000000000000000000e+00 2.000000000000000000e+00 1.200000000000000000e+01 0.000000000000000000e+00 1.800000000000000000e+01 1.600000000000000000e+01 1.400000000000000000e+01 0.000000000000000000e+00 4.000000000000000000e+01 1.400000000000000000e+01 6.000000000000000000e+00 3.100000000000000000e+01 7.400000000000000000e+01 1.000000000000000000e+00 1.000000000000000000e+00 1.000000000000000000e+00 1.000000000000000000e+01 1.700000000000000000e+01 1.000000000000000000e+00 1.700000000000000000e+01 0.000000000000000000e+00 6.000000000000000000e+00 8.000000000000000000e+00 2.000000000000000000e+01 1.400000000000000000e+01 2.200000000000000000e+01 1.600000000000000000e+01 0.000000000000000000e+00 1.000000000000000000e+00 5.000000000000000000e+00 0.000000000000000000e+00 9.000000000000000000e+00 1.400000000000000000e+01 2.000000000000000000e+00 5.000000000000000000e+00 1.200000000000000000e+01 7.000000000000000000e+00 7.000000000000000000e+00
1.474000000000000000e+03 4.765000000000000000e+03 2.700000000000000000e+01 6.700000000000000000e+01 1.880000000000000000e+02 5.900000000000000000e+01 8.240000000000000000e+02 7.400000000000000000e+01 9.600000000000000000e+01 5.500000000000000000e+01 4.400000000000000000e+01 3.260000000000000000e+02 3.670000000000000000e+02 7.870000000000000000e+02 8.400000000000000000e+01 3.200000000000000000e+01 2.000000000000000000e+00 1.070000000000000000e+02 2.040000000000000000e+02 7.000000000000000000e+00 7.600000000000000000e+01 6.370000000000000000e+02 2.030000000000000000e+02 1.060000000000000000e+02 1.251000000000000000e+03 1.200000000000000000e+01 2.700000000000000000e+01 8.000000000000000000e+00 3.850000000000000000e+02 2.990000000000000000e+02 1.800000000000000000e+01 1.260000000000000000e+02 1.444000000000000000e+03 4.000000000000000000e+00 2.000000000000000000e+01 3.590000000000000000e+02 1.100000000000000000e+02 6.400000000000000000e+01 2.900000000000000000e+01 2.600000000000000000e+01 3.500000000000000000e+01 2.500000000000000000e+01 2.100000000000000000e+01 7.000000000000000000e+00 2.200000000000000000e+01 8.900000000000000000e+01 4.400000000000000000e+01 1.000000000000000000e+00 6.000000000000000000e+00 3.000000000000000000e+00 6.000000000000000000e+00 3.000000000000000000e+00 1.000000000000000000e+00 1.200000000000000000e+01 1.700000000000000000e+01 3.000000000000000000e+00 2.000000000000000000e+00 3.000000000000000000e+00 1.000000000000000000e+00 2.000000000000000000e+00 2.300000000000000000e+01 2.000000000000000000e+00 6.000000000000000000e+00 2.000000000000000000e+00 1.000000000000000000e+00 0.000000000000000000e+00 2.100000000000000000e+01 2.000000000000000000e+00 3.000000000000000000e+00 1.200000000000000000e+01 8.700000000000000000e+01 3.000000000000000000e+00 0.000000000000000000e+00 0.000000000000000000e+00 6.000000000000000000e+00 4.000000000000000000e+00 0.000000000000000000e+00 2.100000000000000000e+01 0.000000000000000000e+00 8.000000000000000000e+00 6.000000000000000000e+00 1.000000000000000000e+01 1.800000000000000000e+01 6.000000000000000000e+00 1.000000000000000000e+01 1.000000000000000000e+00 4.000000000000000000e+00 1.600000000000000000e+01 2.000000000000000000e+00 3.000000000000000000e+00 1.000000000000000000e+00 1.000000000000000000e+00 6.000000000000000000e+00 2.000000000000000000e+00 8.000000000000000000e+00 3.000000000000000000e+00
2.390000000000000000e+02 2.700000000000000000e+01 4.800000000000000000e+01 9.600000000000000000e+01 5.700000000000000000e+01 1.000000000000000000e+02 2.000000000000000000e+00 1.800000000000000000e+01 2.000000000000000000e+00 3.000000000000000000e+01 4.000000000000000000e+00 4.000000000000000000e+00 1.200000000000000000e+01 1.900000000000000000e+01 3.700000000000000000e+01 2.190000000000000000e+02 8.000000000000000000e+00 4.000000000000000000e+00 1.900000000000000000e+01 7.000000000000000000e+00 4.000000000000000000e+00 2.200000000000000000e+01 3.400000000000000000e+01 8.000000000000000000e+00 4.000000000000000000e+00 1.200000000000000000e+01 1.000000000000000000e+01 5.000000000000000000e+00 6.000000000000000000e+00 1.100000000000000000e+01 1.000000000000000000e+00 9.000000000000000000e+00 1.700000000000000000e+01 1.000000000000000000e+00 1.000000000000000000e+00 3.400000000000000000e+01 9.000000000000000000e+00 1.000000000000000000e+00 0.000000000000000000e+00 1.000000000000000000e+00 1.000000000000000000e+01 2.200000000000000000e+01 2.100000000000000000e+01 6.000000000000000000e+00 1.900000000000000000e+01 2.300000000000000000e+01 3.000000000000000000e+00 1.200000000000000000e+01 5.000000000000000000e+00 4.000000000000000000e+00 2.000000000000000000e+00 5.000000000000000000e+00 2.000000000000000000e+00 3.800000000000000000e+01 1.000000000000000000e+00 3.000000000000000000e+00 0.000000000000000000e+00 3.000000000000000000e+00 0.000000000000000000e+00 0.000000000000000000e+00 1.000000000000000000e+00 1.000000000000000000e+00 1.000000000000000000e+01 2.000000000000000000e+00 2.000000000000000000e+00 0.000000000000000000e+00 5.000000000000000000e+00 4.000000000000000000e+00 0.000000000000000000e+00 7.000000000000000000e+00 2.000000000000000000e+00 2.000000000000000000e+00 0.000000000000000000e+00 0.000000000000000000e+00 1.000000000000000000e+00 2.000000000000000000e+00 0.000000000000000000e+00 5.000000000000000000e+00 0.000000000000000000e+00 3.000000000000000000e+00 3.000000000000000000e+00 2.000000000000000000e+00 2.000000000000000000e+00 4.000000000000000000e+00 2.000000000000000000e+00 0.000000000000000000e+00 2.000000000000000000e+00 2.000000000000000000e+00 0.000000000000000000e+00 2.000000000000000000e+00 7.000000000000000000e+00 2.000000000000000000e+00 1.000000000000000000e+00 5.000000000000000000e+00 2.000000000000000000e+00 4.000000000000000000e+00
4.120000000000000000e+02 6.700000000000000000e+01 9.600000000000000000e+01 3.700000000000000000e+02 1.520000000000000000e+02 5.030000000000000000e+02 1.400000000000000000e+01 2.490000000000000000e+02 2.000000000000000000e+00 9.000000000000000000e+00 3.300000000000000000e+01 2.000000000000000000e+01 2.300000000000000000e+01 3.500000000000000000e+01 8.500000000000000000e+01 6.400000000000000000e+01 6.000000000000000000e+00 3.000000000000000000e+00 2.100000000000000000e+01 1.500000000000000000e+01 1.000000000000000000e+00 5.500000000000000000e+01 3.300000000000000000e+01 1.000000000000000000e+01 9.000000000000000000e+00 5.000000000000000000e+00 8.000000000000000000e+00 4.000000000000000000e+00 5.000000000000000000e+00 1.700000000000000000e+01 1.000000000000000000e+00 1.200000000000000000e+01 2.100000000000000000e+01 2.000000000000000000e+00 0.000000000000000000e+00 3.100000000000000000e+01 1.500000000000000000e+01 2.000000000000000000e+00 3.000000000000000000e+00 4.000000000000000000e+00 1.600000000000000000e+01 2.100000000000000000e+01 3.900000000000000000e+01 0.000000000000000000e+00 5.800000000000000000e+01 1.020000000000000000e+02 8.800000000000000000e+01 1.900000000000000000e+01 9.000000000000000000e+00 3.000000000000000000e+00 4.000000000000000000e+00 7.000000000000000000e+01 3.000000000000000000e+00 1.960000000000000000e+02 1.000000000000000000e+00 3.600000000000000000e+01 0.000000000000000000e+00 3.000000000000000000e+00 1.000000000000000000e+00 4.000000000000000000e+00 2.000000000000000000e+00 0.000000000000000000e+00 6.200000000000000000e+01 5.000000000000000000e+00 1.600000000000000000e+01 1.000000000000000000e+00 2.000000000000000000e+00 1.800000000000000000e+01 2.000000000000000000e+00 8.000000000000000000e+00 1.300000000000000000e+01 1.100000000000000000e+01 0.000000000000000000e+00 0.000000000000000000e+00 0.000000000000000000e+00 3.000000000000000000e+00 0.000000000000000000e+00 8.000000000000000000e+00 0.000000000000000000e+00 3.000000000000000000e+00 1.000000000000000000e+00 5.000000000000000000e+00 4.000000000000000000e+00 6.000000000000000000e+00 4.000000000000000000e+00 1.000000000000000000e+00 0.000000000000000000e+00 2.000000000000000000e+00 0.000000000000000000e+00 1.000000000000000000e+01 4.000000000000000000e+00 5.000000000000000000e+00 7.000000000000000000e+00 1.300000000000000000e+01 6.000000000000000000e+00 1.500000000000000000e+01
1.860000000000000000e+02 1.880000000000000000e+02 5.700000000000000000e+01 1.520000000000000000e+02 1.680000000000000000e+02 7.900000000000000000e+01 6.000000000000000000e+00 2.120000000000000000e+02 3.000000000000000000e+00 1.000000000000000000e+00 1.000000000000000000e+02 8.800000000000000000e+01 1.900000000000000000e+01 2.180000000000000000e+02 8.700000000000000000e+01 6.000000000000000000e+00 0.000000000000000000e+00 1.100000000000000000e+01 2.500000000000000000e+01 4.000000000000000000e+00 1.000000000000000000e+00 3.400000000000000000e+01 2.600000000000000000e+01 4.200000000000000000e+01 4.800000000000000000e+01 2.000000000000000000e+00 6.000000000000000000e+00 2.000000000000000000e+00 4.000000000000000000e+01 5.400000000000000000e+01 4.000000000000000000e+00 2.500000000000000000e+01 3.200000000000000000e+01 3.000000000000000000e+00 1.300000000000000000e+01 5.300000000000000000e+01 3.400000000000000000e+01 3.000000000000000000e+00 1.400000000000000000e+01 1.000000000000000000e+01 5.500000000000000000e+01 6.000000000000000000e+00 5.000000000000000000e+00 2.000000000000000000e+00 8.000000000000000000e+00 8.000000000000000000e+01 6.000000000000000000e+00 2.000000000000000000e+00 3.000000000000000000e+00 1.000000000000000000e+00 1.000000000000000000e+00 1.000000000000000000e+00 0.000000000000000000e+00 1.000000000000000000e+01 0.000000000000000000e+00 4.000000000000000000e+00 0.000000000000000000e+00 1.000000000000000000e+00 0.000000000000000000e+00 0.000000000000000000e+00 0.000000000000000000e+00 0.000000000000000000e+00 9.000000000000000000e+00 1.000000000000000000e+00 0.000000000000000000e+00 1.000000000000000000e+00 5.000000000000000000e+00 4.000000000000000000e+00 0.000000000000000000e+00 2.000000000000000000e+00 1.000000000000000000e+01 4.000000000000000000e+00 1.000000000000000000e+00 0.000000000000000000e+00 0.000000000000000000e+00 2.000000000000000000e+00 0.000000000000000000e+00 4.000000000000000000e+00 0.000000000000000000e+00 0.000000000000000000e+00 2.000000000000000000e+00 2.000000000000000000e+00 1.000000000000000000e+01 3.000000000000000000e+00 1.000000000000000000e+00 0.000000000000000000e+00 2.000000000000000000e+00 6.000000000000000000e+00 0.000000000000000000e+00 1.000000000000000000e+00 0.000000000000000000e+00 0.000000000000000000e+00 0.000000000000000000e+00 1.000000000000000000e+00 2.000000000000000000e+00 0.000000000000000000e+00
2.560000000000000000e+02 5.900000000000000000e+01 1.000000000000000000e+02 5.030000000000000000e+02 7.900000000000000000e+01 2.620000000000000000e+02 1.000000000000000000e+01 4.500000000000000000e+01 4.000000000000000000e+00 1.000000000000000000e+01 8.000000000000000000e+00 6.000000000000000000e+00 2.800000000000000000e+01 1.600000000000000000e+01 2.010000000000000000e+02 4.800000000000000000e+01 4.500000000000000000e+01 4.000000000000000000e+00 3.500000000000000000e+01 7.700000000000000000e+01 4.000000000000000000e+00 4.800000000000000000e+01 4.500000000000000000e+01 2.800000000000000000e+01 2.000000000000000000e+00 4.000000000000000000e+00 1.800000000000000000e+01 2.500000000000000000e+01 4.000000000000000000e+00 2.700000000000000000e+01 1.000000000000000000e+00 1.700000000000000000e+01 3.000000000000000000e+01 4.000000000000000000e+00 4.000000000000000000e+00 4.500000000000000000e+01 2.300000000000000000e+01 2.000000000000000000e+00 7.000000000000000000e+00 3.000000000000000000e+00 3.400000000000000000e+01 1.600000000000000000e+01 4.000000000000000000e+01 5.000000000000000000e+00 8.200000000000000000e+01 1.780000000000000000e+02 8.300000000000000000e+01 3.200000000000000000e+01 1.900000000000000000e+01 5.000000000000000000e+00 2.800000000000000000e+01 1.790000000000000000e+02 6.000000000000000000e+00 6.520000000000000000e+02 2.000000000000000000e+00 6.900000000000000000e+01 0.000000000000000000e+00 1.100000000000000000e+01 1.000000000000000000e+00 5.000000000000000000e+00 9.000000000000000000e+00 0.000000000000000000e+00 1.930000000000000000e+02 1.600000000000000000e+01 7.500000000000000000e+01 3.000000000000000000e+00 5.000000000000000000e+00 6.700000000000000000e+01 0.000000000000000000e+00 1.200000000000000000e+01 1.700000000000000000e+01 1.900000000000000000e+01 0.000000000000000000e+00 3.000000000000000000e+00 7.000000000000000000e+00 2.400000000000000000e+01 2.000000000000000000e+00 5.000000000000000000e+00 1.000000000000000000e+00 9.000000000000000000e+00 7.000000000000000000e+00 7.000000000000000000e+00 6.000000000000000000e+00 9.000000000000000000e+00 4.000000000000000000e+00 0.000000000000000000e+00 1.000000000000000000e+00 2.000000000000000000e+00 4.000000000000000000e+00 2.400000000000000000e+01 9.000000000000000000e+00 5.000000000000000000e+00 4.400000000000000000e+01 2.300000000000000000e+01 1.500000000000000000e+01 6.500000000000000000e+01
4.300000000000000000e+02 8.240000000000000000e+02 2.000000000000000000e+00 1.400000000000000000e+01 6.000000000000000000e+00 1.000000000000000000e+01 3.150000000000000000e+02 5.000000000000000000e+00 1.590000000000000000e+02 1.240000000000000000e+02 0.000000000000000000e+00 1.100000000000000000e+01 5.740000000000000000e+02 1.200000000000000000e+01 1.600000000000000000e+01 3.100000000000000000e+01 0.000000000000000000e+00 5.000000000000000000e+00 1.710000000000000000e+02 1.000000000000000000e+00 1.690000000000000000e+02 3.480000000000000000e+02 9.500000000000000000e+01 1.000000000000000000e+01 1.000000000000000000e+00 8.000000000000000000e+00 8.000000000000000000e+00 1.000000000000000000e+00 4.000000000000000000e+00 1.300000000000000000e+01 0.000000000000000000e+00 1.100000000000000000e+01 8.800000000000000000e+01 0.000000000000000000e+00 0.000000000000000000e+00 2.100000000000000000e+01 1.200000000000000000e+01 4.000000000000000000e+00 1.000000000000000000e+00 1.000000000000000000e+00 7.000000000000000000e+00 4.000000000000000000e+00 5.000000000000000000e+00 2.000000000000000000e+00 5.000000000000000000e+00 1.000000000000000000e+01 7.000000000000000000e+00 2.000000000000000000e+00 3.000000000000000000e+00 4.000000000000000000e+00 0.000000000000000000e+00 0.000000000000000000e+00 0.000000000000000000e+00 8.000000000000000000e+00 3.000000000000000000e+00 1.000000000000000000e+00 2.000000000000000000e+00 1.000000000000000000e+00 0.000000000000000000e+00 0.000000000000000000e+00 1.500000000000000000e+01 0.000000000000000000e+00 1.000000000000000000e+00 1.000000000000000000e+00 0.000000000000000000e+00 0.000000000000000000e+00 1.900000000000000000e+01 0.000000000000000000e+00 2.000000000000000000e+00 2.000000000000000000e+00 3.800000000000000000e+01 0.000000000000000000e+00 0.000000000000000000e+00 0.000000000000000000e+00 2.000000000000000000e+00 0.000000000000000000e+00 0.000000000000000000e+00 0.000000000000000000e+00 0.000000000000000000e+00 2.000000000000000000e+00 1.000000000000000000e+00 0.000000000000000000e+00 1.000000000000000000e+00 1.000000000000000000e+00 1.000000000000000000e+00 1.000000000000000000e+00 0.000000000000000000e+00 0.000000000000000000e+00 1.000000000000000000e+00 0.000000000000000000e+00 1.000000000000000000e+00 1.000000000000000000e+00 3.000000000000000000e+00 1.000000000000000000e+00 5.000000000000000000e+00 0.000000000000000000e+00
9.300000000000000000e+01 7.400000000000000000e+01 1.800000000000000000e+01 2.490000000000000000e+02 2.120000000000000000e+02 4.500000000000000000e+01 5.000000000000000000e+00 3.310000000000000000e+02 1.000000000000000000e+00 2.000000000000000000e+00 6.500000000000000000e+01 5.000000000000000000e+01 5.000000000000000000e+00 2.800000000000000000e+01 2.020000000000000000e+02 9.000000000000000000e+00 5.000000000000000000e+00 2.250000000000000000e+02 1.300000000000000000e+01 2.000000000000000000e+00 3.000000000000000000e+00 2.900000000000000000e+01 1.500000000000000000e+01 2.060000000000000000e+02 4.000000000000000000e+00 0.000000000000000000e+00 1.000000000000000000e+00 2.000000000000000000e+00 1.000000000000000000e+00 1.400000000000000000e+01 0.000000000000000000e+00 5.000000000000000000e+00 1.200000000000000000e+01 1.000000000000000000e+00 5.000000000000000000e+00 1.900000000000000000e+01 1.500000000000000000e+01 2.000000000000000000e+00 1.700000000000000000e+01 2.000000000000000000e+00 1.100000000000000000e+01 2.600000000000000000e+01 2.000000000000000000e+01 0.000000000000000000e+00 7.400000000000000000e+01 8.300000000000000000e+01 1.100000000000000000e+02 6.000000000000000000e+00 4.000000000000000000e+00 0.000000000000000000e+00 1.000000000000000000e+00 4.000000000000000000e+01 0.000000000000000000e+00 2.800000000000000000e+01 0.000000000000000000e+00 3.900000000000000000e+01 0.000000000000000000e+00 0.000000000000000000e+00 0.000000000000000000e+00 1.000000000000000000e+00 0.000000000000000000e+00 1.000000000000000000e+00 6.200000000000000000e+01 0.000000000000000000e+00 5.000000000000000000e+00 1.000000000000000000e+00 0.000000000000000000e+00 8.000000000000000000e+00 0.000000000000000000e+00 0.000000000000000000e+00 1.100000000000000000e+01 1.600000000000000000e+01 0.000000000000000000e+00 1.000000000000000000e+00 0.000000000000000000e+00 1.000000000000000000e+00 0.000000000000000000e+00 3.000000000000000000e+00 0.000000000000000000e+00 0.000000000000000000e+00 1.000000000000000000e+00 1.000000000000000000e+00 6.000000000000000000e+00 1.000000000000000000e+00 1.000000000000000000e+00 0.000000000000000000e+00 1.000000000000000000e+00 3.000000000000000000e+00 0.000000000000000000e+00 5.000000000000000000e+00 4.000000000000000000e+00 0.000000000000000000e+00 1.000000000000000000e+00 1.000000000000000000e+00 3.000000000000000000e+00 1.000000000000000000e+00
1.170000000000000000e+02 9.600000000000000000e+01 2.000000000000000000e+00 2.000000000000000000e+00 3.000000000000000000e+00 4.000000000000000000e+00 1.590000000000000000e+02 1.000000000000000000e+00 2.200000000000000000e+01 8.900000000000000000e+01 0.000000000000000000e+00 1.000000000000000000e+00 1.300000000000000000e+02 1.000000000000000000e+00 6.000000000000000000e+00 2.800000000000000000e+01 0.000000000000000000e+00 1.000000000000000000e+00 8.900000000000000000e+01 1.000000000000000000e+00 6.300000000000000000e+01 7.200000000000000000e+01 5.900000000000000000e+01 4.000000000000000000e+00 1.000000000000000000e+00 3.000000000000000000e+00 8.000000000000000000e+00 3.000000000000000000e+00 3.000000000000000000e+00 0.000000000000000000e+00 0.000000000000000000e+00 1.000000000000000000e+00 1.000000000000000000e+00 0.000000000000000000e+00 0.000000000000000000e+00 6.000000000000000000e+00 4.000000000000000000e+00 0.000000000000000000e+00 0.000000000000000000e+00 0.000000000000000000e+00 0.000000000000000000e+00 0.000000000000000000e+00 1.000000000000000000e+00 0.000000000000000000e+00 0.000000000000000000e+00 2.000000000000000000e+00 1.000000000000000000e+00 0.000000000000000000e+00 0.000000000000000000e+00 0.000000000000000000e+00 0.000000000000000000e+00 1.000000000000000000e+00 0.000000000000000000e+00 2.000000000000000000e+00 4.000000000000000000e+00 0.000000000000000000e+00 1.000000000000000000e+00 0.000000000000000000e+00 0.000000000000000000e+00 0.000000000000000000e+00 3.000000000000000000e+00 0.000000000000000000e+00 1.000000000000000000e+00 1.000000000000000000e+00 0.000000000000000000e+00 0.000000000000000000e+00 1.000000000000000000e+01 0.000000000000000000e+00 1.000000000000000000e+00 1.000000000000000000e+00 8.000000000000000000e+00 0.000000000000000000e+00 0.000000000000000000e+00 1.000000000000000000e+00 2.000000000000000000e+00 0.000000000000000000e+00 0.000000000000000000e+00 0.000000000000000000e+00 0.000000000000000000e+00 1.000000000000000000e+00 0.000000000000000000e+00 0.000000000000000000e+00 0.000000000000000000e+00 1.000000000000000000e+00 3.000000000000000000e+00 0.000000000000000000e+00 0.000000000000000000e+00 0.000000000000000000e+00 0.000000000000000000e+00 0.000000000000000000e+00 1.000000000000000000e+00 0.000000000000000000e+00 0.000000000000000000e+00 1.000000000000000000e+00 0.000000000000000000e+00 0.000000000000000000e+00
3.610000000000000000e+02 5.500000000000000000e+01 3.000000000000000000e+01 9.000000000000000000e+00 1.000000000000000000e+00 1.000000000000000000e+01 1.240000000000000000e+02 2.000000000000000000e+00 8.900000000000000000e+01 3.500000000000000000e+01 0.000000000000000000e+00 1.000000000000000000e+00 7.400000000000000000e+01 3.000000000000000000e+00 4.000000000000000000e+00 2.500000000000000000e+02 0.000000000000000000e+00 4.000000000000000000e+00 8.900000000000000000e+01 1.000000000000000000e+00 1.760000000000000000e+02 3.900000000000000000e+01 1.100000000000000000e+02 6.000000000000000000e+00 2.000000000000000000e+00 1.800000000000000000e+01 3.800000000000000000e+01 3.000000000000000000e+00 0.000000000000000000e+00 8.000000000000000000e+00 0.000000000000000000e+00 6.000000000000000000e+00 8.000000000000000000e+00 9.000000000000000000e+00 3.000000000000000000e+00 1.900000000000000000e+01 1.500000000000000000e+01 0.000000000000000000e+00 0.000000000000000000e+00 2.000000000000000000e+00 3.000000000000000000e+00 7.000000000000000000e+00 6.000000000000000000e+00 2.000000000000000000e+00 3.000000000000000000e+00 3.000000000000000000e+00 2.000000000000000000e+00 0.000000000000000000e+00 1.200000000000000000e+01 1.000000000000000000e+00 0.000000000000000000e+00 3.000000000000000000e+00 2.000000000000000000e+00 2.000000000000000000e+00 5.000000000000000000e+00 2.000000000000000000e+00 2.000000000000000000e+00 3.000000000000000000e+00 0.000000000000000000e+00 0.000000000000000000e+00 2.000000000000000000e+00 0.000000000000000000e+00 2.000000000000000000e+00 2.000000000000000000e+00 1.000000000000000000e+00 0.000000000000000000e+00 2.200000000000000000e+01 2.000000000000000000e+00 3.000000000000000000e+00 1.200000000000000000e+01 1.800000000000000000e+01 1.000000000000000000e+00 0.000000000000000000e+00 0.000000000000000000e+00 2.000000000000000000e+00 3.000000000000000000e+00 0.000000000000000000e+00 2.000000000000000000e+00 0.000000000000000000e+00 1.000000000000000000e+00 1.000000000000000000e+00 5.000000000000000000e+00 1.000000000000000000e+00 1.000000000000000000e+00 2.000000000000000000e+00 0.000000000000000000e+00 1.000000000000000000e+00 1.000000000000000000e+00 0.000000000000000000e+00 1.000000000000000000e+00 1.000000000000000000e+00 0.000000000000000000e+00 1.000000000000000000e+00 2.000000000000000000e+00 0.000000000000000000e+00 4.000000000000000000e+00
4.100000000000000000e+01 4.400000000000000000e+01 4.000000000000000000e+00 3.300000000000000000e+01 1.000000000000000000e+02 8.000000000000000000e+00 0.000000000000000000e+00 6.500000000000000000e+01 0.000000000000000000e+00 0.000000000000000000e+00 2.000000000000000000e+01 2.940000000000000000e+02 2.000000000000000000e+00 1.920000000000000000e+02 2.400000000000000000e+01 1.000000000000000000e+00 0.000000000000000000e+00 7.000000000000000000e+00 4.000000000000000000e+00 1.000000000000000000e+00 0.000000000000000000e+00 4.000000000000000000e+00 9.000000000000000000e+00 1.300000000000000000e+01 7.000000000000000000e+00 0.000000000000000000e+00 0.000000000000000000e+00 1.000000000000000000e+00 2.700000000000000000e+01 1.100000000000000000e+01 3.000000000000000000e+00 3.000000000000000000e+00 7.000000000000000000e+00 0.000000000000000000e+00 3.000000000000000000e+00 8.000000000000000000e+00 4.000000000000000000e+00 0.000000000000000000e+00 4.000000000000000000e+00 4.000000000000000000e+00 9.000000000000000000e+00 0.000000000000000000e+00 1.000000000000000000e+00 1.000000000000000000e+00 3.000000000000000000e+00 2.000000000000000000e+01 5.000000000000000000e+00 0.000000000000000000e+00 0.000000000000000000e+00 0.000000000000000000e+00 0.000000000000000000e+00 3.000000000000000000e+00 0.000000000000000000e+00 3.000000000000000000e+00 0.000000000000000000e+00 0.000000000000000000e+00 0.000000000000000000e+00 0.000000000000000000e+00 0.000000000000000000e+00 0.000000000000000000e+00 0.000000000000000000e+00 0.000000000000000000e+00 4.000000000000000000e+00 0.000000000000000000e+00 0.000000000000000000e+00 0.000000000000000000e+00 1.000000000000000000e+00 0.000000000000000000e+00 0.000000000000000000e+00 0.000000000000000000e+00 2.000000000000000000e+00 1.000000000000000000e+00 0.000000000000000000e+00 0.000000000000000000e+00 0.000000000000000000e+00 2.000000000000000000e+00 0.000000000000000000e+00 1.000000000000000000e+00 0.000000000000000000e+00 0.000000000000000000e+00 0.000000000000000000e+00 0.000000000000000000e+00 4.000000000000000000e+00 2.000000000000000000e+00 0.000000000000000000e+00 0.000000000000000000e+00 1.000000000000000000e+00 2.000000000000000000e+00 0.000000000000000000e+00 0.000000000000000000e+00 0.000000000000000000e+00 0.000000000000000000e+00 1.000000000000000000e+00 1.000000000000000000e+00 0.000000000000000000e+00 0.000000000000000000e+00
2.300000000000000000e+01 3.260000000000000000e+02 4.000000000000000000e+00 2.000000000000000000e+01 8.800000000000000000e+01 6.000000000000000000e+00 1.100000000000000000e+01 5.000000000000000000e+01 1.000000000000000000e+00 1.000000000000000000e+00 2.940000000000000000e+02 9.210000000000000000e+02 7.000000000000000000e+00 4.480000000000000000e+02 1.790000000000000000e+02 6.000000000000000000e+00 2.000000000000000000e+00 5.440000000000000000e+02 2.000000000000000000e+00 2.700000000000000000e+01 1.000000000000000000e+00 1.500000000000000000e+01 8.000000000000000000e+00 2.570000000000000000e+02 1.040000000000000000e+02 3.000000000000000000e+00 6.000000000000000000e+00 4.100000000000000000e+01 1.680000000000000000e+02 2.690000000000000000e+02 9.000000000000000000e+00 2.990000000000000000e+02 1.700000000000000000e+02 3.000000000000000000e+00 1.270000000000000000e+02 4.000000000000000000e+01 1.200000000000000000e+01 8.700000000000000000e+01 2.060000000000000000e+02 1.600000000000000000e+02 1.630000000000000000e+02 2.400000000000000000e+01 1.200000000000000000e+01 3.000000000000000000e+00 6.900000000000000000e+01 7.500000000000000000e+01 3.000000000000000000e+01 0.000000000000000000e+00 0.000000000000000000e+00 2.000000000000000000e+00 1.000000000000000000e+00 6.000000000000000000e+00 0.000000000000000000e+00 6.000000000000000000e+00 0.000000000000000000e+00 1.600000000000000000e+01 0.000000000000000000e+00 0.000000000000000000e+00 0.000000000000000000e+00 4.000000000000000000e+00 1.000000000000000000e+00 0.000000000000000000e+00 8.700000000000000000e+01 0.000000000000000000e+00 4.000000000000000000e+00 1.000000000000000000e+01 2.000000000000000000e+00 8.000000000000000000e+00 0.000000000000000000e+00 2.000000000000000000e+00 4.000000000000000000e+00 4.000000000000000000e+01 0.000000000000000000e+00 0.000000000000000000e+00 5.000000000000000000e+00 1.100000000000000000e+01 0.000000000000000000e+00 1.000000000000000000e+00 0.000000000000000000e+00 7.000000000000000000e+00 0.000000000000000000e+00 3.000000000000000000e+00 1.240000000000000000e+02 1.000000000000000000e+00 0.000000000000000000e+00 4.000000000000000000e+00 3.800000000000000000e+01 8.000000000000000000e+01 5.000000000000000000e+00 1.000000000000000000e+00 1.000000000000000000e+00 0.000000000000000000e+00 1.500000000000000000e+01 3.000000000000000000e+00 0.000000000000000000e+00 0.000000000000000000e+00
2.260000000000000000e+02 3.670000000000000000e+02 1.200000000000000000e+01 2.300000000000000000e+01 1.900000000000000000e+01 2.800000000000000000e+01 5.740000000000000000e+02 5.000000000000000000e+00 1.300000000000000000e+02 7.400000000000000000e+01 2.000000000000000000e+00 7.000000000000000000e+00 1.980000000000000000e+02 1.600000000000000000e+01 1.300000000000000000e+01 1.700000000000000000e+01 0.000000000000000000e+00 2.000000000000000000e+00 2.110000000000000000e+02 0.000000000000000000e+00 1.070000000000000000e+02 2.870000000000000000e+02 1.940000000000000000e+02 1.000000000000000000e+01 6.000000000000000000e+00 8.000000000000000000e+00 1.500000000000000000e+01 0.000000000000000000e+00 0.000000000000000000e+00 1.000000000000000000e+00 0.000000000000000000e+00 3.000000000000000000e+00 1.300000000000000000e+01 0.000000000000000000e+00 1.000000000000000000e+00 1.200000000000000000e+01 6.000000000000000000e+00 0.000000000000000000e+00 0.000000000000000000e+00 1.000000000000000000e+00 5.000000000000000000e+00 1.000000000000000000e+00 4.000000000000000000e+00 3.000000000000000000e+00 3.000000000000000000e+00 1.000000000000000000e+01 2.000000000000000000e+00 1.000000000000000000e+00 2.000000000000000000e+00 0.000000000000000000e+00 0.000000000000000000e+00 0.000000000000000000e+00 0.000000000000000000e+00 3.000000000000000000e+00 1.800000000000000000e+01 0.000000000000000000e+00 3.000000000000000000e+00 3.000000000000000000e+00 1.000000000000000000e+00 0.000000000000000000e+00 1.700000000000000000e+01 0.000000000000000000e+00 4.000000000000000000e+00 2.000000000000000000e+00 0.000000000000000000e+00 0.000000000000000000e+00 1.500000000000000000e+01 0.000000000000000000e+00 3.000000000000000000e+00 5.000000000000000000e+00 2.800000000000000000e+01 1.000000000000000000e+00 0.000000000000000000e+00 2.000000000000000000e+00 3.000000000000000000e+00 0.000000000000000000e+00 0.000000000000000000e+00 2.000000000000000000e+00 0.000000000000000000e+00 1.000000000000000000e+00 0.000000000000000000e+00 2.000000000000000000e+00 1.000000000000000000e+00 1.000000000000000000e+00 2.000000000000000000e+00 0.000000000000000000e+00 0.000000000000000000e+00 0.000000000000000000e+00 0.000000000000000000e+00 3.000000000000000000e+00 3.000000000000000000e+00 0.000000000000000000e+00 2.000000000000000000e+00 1.000000000000000000e+00 3.000000000000000000e+00 2.000000000000000000e+00
1.450000000000000000e+02 7.870000000000000000e+02 1.900000000000000000e+01 3.500000000000000000e+01 2.180000000000000000e+02 1.600000000000000000e+01 1.200000000000000000e+01 2.800000000000000000e+01 1.000000000000000000e+00 3.000000000000000000e+00 1.920000000000000000e+02 4.480000000000000000e+02 1.600000000000000000e+01 3.930000000000000000e+02 5.000000000000000000e+01 1.000000000000000000e+00 0.000000000000000000e+00 2.100000000000000000e+01 3.200000000000000000e+01 2.000000000000000000e+00 4.000000000000000000e+00 6.400000000000000000e+01 2.500000000000000000e+01 6.500000000000000000e+01 3.940000000000000000e+02 0.000000000000000000e+00 8.000000000000000000e+00 2.000000000000000000e+01 3.370000000000000000e+02 2.030000000000000000e+02 6.400000000000000000e+01 5.200000000000000000e+01 1.750000000000000000e+02 3.000000000000000000e+00 6.000000000000000000e+01 1.390000000000000000e+02 6.100000000000000000e+01 7.000000000000000000e+00 6.600000000000000000e+01 9.500000000000000000e+01 9.300000000000000000e+01 3.000000000000000000e+00 3.000000000000000000e+00 3.000000000000000000e+00 1.900000000000000000e+01 1.060000000000000000e+02 1.800000000000000000e+01 1.000000000000000000e+00 0.000000000000000000e+00 1.000000000000000000e+00 3.000000000000000000e+00 1.000000000000000000e+00 1.000000000000000000e+00 4.000000000000000000e+00 1.000000000000000000e+00 2.000000000000000000e+00 0.000000000000000000e+00 1.000000000000000000e+00 0.000000000000000000e+00 2.000000000000000000e+00 0.000000000000000000e+00 0.000000000000000000e+00 1.000000000000000000e+01 2.000000000000000000e+00 1.000000000000000000e+00 1.000000000000000000e+00 3.000000000000000000e+00 1.000000000000000000e+00 1.000000000000000000e+00 2.000000000000000000e+00 8.000000000000000000e+00 1.300000000000000000e+01 0.000000000000000000e+00 2.000000000000000000e+00 2.000000000000000000e+00 9.000000000000000000e+00 0.000000000000000000e+00 4.000000000000000000e+00 0.000000000000000000e+00 7.000000000000000000e+00 4.000000000000000000e+00 4.000000000000000000e+00 4.200000000000000000e+01 5.000000000000000000e+00 2.000000000000000000e+00 2.000000000000000000e+00 4.000000000000000000e+00 4.300000000000000000e+01 1.000000000000000000e+00 0.000000000000000000e+00 0.000000000000000000e+00 1.000000000000000000e+00 3.000000000000000000e+00 0.000000000000000000e+00 0.000000000000000000e+00 2.000000000000000000e+00
1.280000000000000000e+02 8.400000000000000000e+01 3.700000000000000000e+01 8.500000000000000000e+01 8.700000000000000000e+01 2.010000000000000000e+02 1.600000000000000000e+01 2.020000000000000000e+02 6.000000000000000000e+00 4.000000000000000000e+00 2.400000000000000000e+01 1.790000000000000000e+02 1.300000000000000000e+01 5.000000000000000000e+01 1.920000000000000000e+02 1.700000000000000000e+01 2.900000000000000000e+01 8.900000000000000000e+01 3.600000000000000000e+01 1.940000000000000000e+02 3.000000000000000000e+00 3.600000000000000000e+01 5.100000000000000000e+01 2.040000000000000000e+02 8.000000000000000000e+00 4.000000000000000000e+00 3.600000000000000000e+01 1.110000000000000000e+02 7.000000000000000000e+00 2.700000000000000000e+01 0.000000000000000000e+00 2.700000000000000000e+01 3.600000000000000000e+01 6.000000000000000000e+00 4.600000000000000000e+01 3.500000000000000000e+01 2.200000000000000000e+01 5.000000000000000000e+00 3.100000000000000000e+01 2.500000000000000000e+01 2.500000000000000000e+01 7.700000000000000000e+01 7.000000000000000000e+01 8.000000000000000000e+00 2.110000000000000000e+02 2.220000000000000000e+02 2.120000000000000000e+02 2.000000000000000000e+01 9.000000000000000000e+00 2.000000000000000000e+00 4.000000000000000000e+00 1.200000000000000000e+02 2.000000000000000000e+00 2.250000000000000000e+02 1.000000000000000000e+00 1.950000000000000000e+02 0.000000000000000000e+00 5.000000000000000000e+00 1.000000000000000000e+00 4.000000000000000000e+00 4.000000000000000000e+00 2.000000000000000000e+00 3.130000000000000000e+02 7.000000000000000000e+00 5.900000000000000000e+01 1.500000000000000000e+01 6.000000000000000000e+00 7.200000000000000000e+01 1.000000000000000000e+00 4.000000000000000000e+00 1.000000000000000000e+01 1.120000000000000000e+02 0.000000000000000000e+00 3.000000000000000000e+00 2.300000000000000000e+01 8.200000000000000000e+01 1.000000000000000000e+00 7.000000000000000000e+00 0.000000000000000000e+00 7.000000000000000000e+00 2.000000000000000000e+00 1.000000000000000000e+01 5.600000000000000000e+01 4.000000000000000000e+00 5.000000000000000000e+00 0.000000000000000000e+00 1.000000000000000000e+01 2.400000000000000000e+01 0.000000000000000000e+00 1.200000000000000000e+01 9.000000000000000000e+00 1.000000000000000000e+00 2.600000000000000000e+01 1.300000000000000000e+01 5.000000000000000000e+00 1.000000000000000000e+01
4.720000000000000000e+02 3.200000000000000000e+01 2.190000000000000000e+02 6.400000000000000000e+01 6.000000000000000000e+00 4.800000000000000000e+01 3.100000000000000000e+01 9.000000000000000000e+00 2.800000000000000000e+01 2.500000000000000000e+02 1.000000000000000000e+00 6.000000000000000000e+00 1.700000000000000000e+01 1.000000000000000000e+00 1.700000000000000000e+01 3.800000000000000000e+02 3.000000000000000000e+00 7.000000000000000000e+00 1.800000000000000000e+01 0.000000000000000000e+00 3.400000000000000000e+01 2.800000000000000000e+01 4.000000000000000000e+01 1.900000000000000000e+01 1.000000000000000000e+00 4.800000000000000000e+01 3.000000000000000000e+01 7.000000000000000000e+00 3.000000000000000000e+00 9.000000000000000000e+00 0.000000000000000000e+00 8.000000000000000000e+00 1.400000000000000000e+01 6.000000000000000000e+00 3.000000000000000000e+00 1.800000000000000000e+01 8.000000000000000000e+00 1.000000000000000000e+00 7.000000000000000000e+00 3.000000000000000000e+00 1.100000000000000000e+01 2.900000000000000000e+01 4.200000000000000000e+01 1.200000000000000000e+01 3.600000000000000000e+01 1.100000000000000000e+01 4.000000000000000000e+00 4.000000000000000000e+00 1.400000000000000000e+01 3.000000000000000000e+00 7.000000000000000000e+00 4.000000000000000000e+00 0.000000000000000000e+00 3.200000000000000000e+01 0.000000000000000000e+00 4.000000000000000000e+00 1.000000000000000000e+00 1.000000000000000000e+00 2.000000000000000000e+00 0.000000000000000000e+00 1.000000000000000000e+01 0.000000000000000000e+00 4.000000000000000000e+00 5.000000000000000000e+00 5.000000000000000000e+00 1.000000000000000000e+00 1.100000000000000000e+01 4.000000000000000000e+00 1.000000000000000000e+00 7.000000000000000000e+00 1.200000000000000000e+01 0.000000000000000000e+00 0.000000000000000000e+00 1.000000000000000000e+00 6.000000000000000000e+00 5.000000000000000000e+00 0.000000000000000000e+00 7.000000000000000000e+00 0.000000000000000000e+00 2.000000000000000000e+00 4.000000000000000000e+00 6.000000000000000000e+00 7.000000000000000000e+00 3.000000000000000000e+00 2.000000000000000000e+00 0.000000000000000000e+00 1.000000000000000000e+00 2.000000000000000000e+00 0.000000000000000000e+00 3.000000000000000000e+00 5.000000000000000000e+00 0.000000000000000000e+00 3.000000000000000000e+00 2.000000000000000000e+00 3.000000000000000000e+00 2.000000000000000000e+00
